-1.00000000e+00	-1.00000000e+00
-9.90000000e-01	-8.55180396e-01
-9.80000000e-01	-7.20446281e-01
-9.70000001e-01	-5.95391710e-01
-9.60000001e-01	-4.79620004e-01
-9.50000001e-01	-3.72743644e-01
-9.40000001e-01	-2.74384189e-01
-9.30000002e-01	-1.84172172e-01
-9.20000002e-01	-1.01747009e-01
-9.10000002e-01	-2.67569070e-02
-9.00000002e-01	4.11412356e-02
-8.90000002e-01	1.02281920e-01
-8.80000003e-01	1.56991141e-01
-8.70000003e-01	2.05586486e-01
-8.60000003e-01	2.48377224e-01
-8.50000003e-01	2.85664402e-01
-8.40000004e-01	3.17740943e-01
-8.30000004e-01	3.44891734e-01
-8.20000004e-01	3.67393727e-01
-8.10000004e-01	3.85516027e-01
-8.00000004e-01	3.99519995e-01
-7.90000005e-01	4.09659332e-01
-7.80000005e-01	4.16180183e-01
-7.70000005e-01	4.19321226e-01
-7.60000005e-01	4.19313767e-01
-7.50000006e-01	4.16381838e-01
-7.40000006e-01	4.10742288e-01
-7.30000006e-01	4.02604876e-01
-7.20000006e-01	3.92172372e-01
-7.10000006e-01	3.79640645e-01
-7.00000007e-01	3.65198760e-01
-6.90000007e-01	3.49029074e-01
-6.80000007e-01	3.31307328e-01
-6.70000007e-01	3.12202743e-01
-6.60000008e-01	2.91878112e-01
-6.50000008e-01	2.70489900e-01
-6.40000008e-01	2.48188332e-01
-6.30000008e-01	2.25117492e-01
-6.20000008e-01	2.01415415e-01
-6.10000009e-01	1.77214184e-01
-6.00000009e-01	1.52640022e-01
-5.90000009e-01	1.27813387e-01
-5.80000009e-01	1.02849069e-01
-5.70000010e-01	7.78562791e-02
-5.60000010e-01	5.29387508e-02
-5.50000010e-01	2.81948295e-02
-5.40000010e-01	3.71756860e-03
-5.30000011e-01	-2.04051756e-02
-5.20000011e-01	-4.40906501e-02
-5.10000011e-01	-6.72611101e-02
-5.00000011e-01	-8.98437251e-02
-4.90000011e-01	-1.11770484e-01
-4.80000012e-01	-1.32978101e-01
-4.70000012e-01	-1.53407919e-01
-4.60000012e-01	-1.73005820e-01
-4.50000012e-01	-1.91722126e-01
-4.40000013e-01	-2.09511505e-01
-4.30000013e-01	-2.26332878e-01
-4.20000013e-01	-2.42149325e-01
-4.10000013e-01	-2.56927989e-01
-4.00000013e-01	-2.70639982e-01
-3.90000014e-01	-2.83260290e-01
-3.80000014e-01	-2.94767680e-01
-3.70000014e-01	-3.05144602e-01
-3.60000014e-01	-3.14377101e-01
-3.50000015e-01	-3.22454716e-01
-3.40000015e-01	-3.29370387e-01
-3.30000015e-01	-3.35120364e-01
-3.20000015e-01	-3.39704109e-01
-3.10000015e-01	-3.43124202e-01
-3.00000016e-01	-3.45386247e-01
-2.90000016e-01	-3.46498779e-01
-2.80000016e-01	-3.46473166e-01
-2.70000016e-01	-3.45323517e-01
-2.60000017e-01	-3.43066588e-01
-2.50000017e-01	-3.39721686e-01
-2.40000017e-01	-3.35310575e-01
-2.30000017e-01	-3.29857380e-01
-2.20000017e-01	-3.23388497e-01
-2.10000018e-01	-3.15932494e-01
-2.00000018e-01	-3.07520016e-01
-1.90000018e-01	-2.98183696e-01
-1.80000018e-01	-2.87958054e-01
-1.70000019e-01	-2.76879409e-01
-1.60000019e-01	-2.64985777e-01
-1.50000019e-01	-2.52316783e-01
-1.40000019e-01	-2.38913563e-01
-1.30000019e-01	-2.24818671e-01
-1.20000020e-01	-2.10075985e-01
-1.10000020e-01	-1.94730609e-01
-1.00000020e-01	-1.78828783e-01
-9.00000203e-02	-1.62417785e-01
-8.00000206e-02	-1.45545840e-01
-7.00000208e-02	-1.28262022e-01
-6.00000210e-02	-1.10616161e-01
-5.00000212e-02	-9.26587494e-02
-4.00000215e-02	-7.44408457e-02
-3.00000217e-02	-5.60139815e-02
-2.00000219e-02	-3.74300660e-02
-1.00000221e-02	-1.87412922e-02
-2.23517418e-08	-4.19095159e-08
9.99997742e-03	1.87412085e-02
1.99999772e-02	3.74299827e-02
2.99999770e-02	5.60138987e-02
3.99999768e-02	7.44407638e-02
4.99999765e-02	9.26586685e-02
5.99999763e-02	1.10616081e-01
6.99999761e-02	1.28261944e-01
7.99999759e-02	1.45545764e-01
8.99999756e-02	1.62417711e-01
9.99999754e-02	1.78828710e-01
1.09999975e-01	1.94730539e-01
1.19999975e-01	2.10075918e-01
1.29999975e-01	2.24818607e-01
1.39999975e-01	2.38913501e-01
1.49999974e-01	2.52316724e-01
1.59999974e-01	2.64985722e-01
1.69999974e-01	2.76879357e-01
1.79999974e-01	2.87958007e-01
1.89999973e-01	2.98183652e-01
1.99999973e-01	3.07519976e-01
2.09999973e-01	3.15932458e-01
2.19999973e-01	3.23388466e-01
2.29999973e-01	3.29857354e-01
2.39999972e-01	3.35310553e-01
2.49999972e-01	3.39721669e-01
2.59999972e-01	3.43066576e-01
2.69999972e-01	3.45323509e-01
2.79999971e-01	3.46473163e-01
2.89999971e-01	3.46498781e-01
2.99999971e-01	3.45386255e-01
3.09999971e-01	3.43124215e-01
3.19999970e-01	3.39704127e-01
3.29999970e-01	3.35120387e-01
3.39999970e-01	3.29370415e-01
3.49999970e-01	3.22454749e-01
3.59999970e-01	3.14377140e-01
3.69999969e-01	3.05144646e-01
3.79999969e-01	2.94767729e-01
3.89999969e-01	2.83260344e-01
3.99999969e-01	2.70640041e-01
4.09999968e-01	2.56928053e-01
4.19999968e-01	2.42149394e-01
4.29999968e-01	2.26332951e-01
4.39999968e-01	2.09511582e-01
4.49999968e-01	1.91722208e-01
4.59999967e-01	1.73005906e-01
4.69999967e-01	1.53408009e-01
4.79999967e-01	1.32978194e-01
4.89999967e-01	1.11770580e-01
4.99999966e-01	8.98438247e-02
5.09999966e-01	6.72612124e-02
5.19999966e-01	4.40907548e-02
5.29999966e-01	2.04052825e-02
5.39999966e-01	-3.71745991e-03
5.49999965e-01	-2.81947194e-02
5.59999965e-01	-5.29386398e-02
5.69999965e-01	-7.78561675e-02
5.79999965e-01	-1.02848957e-01
5.89999964e-01	-1.27813276e-01
5.99999964e-01	-1.52639912e-01
6.09999964e-01	-1.77214075e-01
6.19999964e-01	-2.01415308e-01
6.29999964e-01	-2.25117387e-01
6.39999963e-01	-2.48188230e-01
6.49999963e-01	-2.70489802e-01
6.59999963e-01	-2.91878019e-01
6.69999963e-01	-3.12202655e-01
6.79999962e-01	-3.31307246e-01
6.89999962e-01	-3.49028999e-01
6.99999962e-01	-3.65198692e-01
7.09999962e-01	-3.79640584e-01
7.19999962e-01	-3.92172321e-01
7.29999961e-01	-4.02604834e-01
7.39999961e-01	-4.10742257e-01
7.49999961e-01	-4.16381819e-01
7.59999961e-01	-4.19313760e-01
7.69999960e-01	-4.19321232e-01
7.79999960e-01	-4.16180204e-01
7.89999960e-01	-4.09659369e-01
7.99999960e-01	-3.99520048e-01
8.09999960e-01	-3.85516099e-01
8.19999959e-01	-3.67393817e-01
8.29999959e-01	-3.44891845e-01
8.39999959e-01	-3.17741075e-01
8.49999959e-01	-2.85664557e-01
8.59999958e-01	-2.48377403e-01
8.69999958e-01	-2.05586690e-01
8.79999958e-01	-1.56991372e-01
8.89999958e-01	-1.02282178e-01
8.99999958e-01	-4.11415238e-02
9.09999957e-01	2.67565879e-02
9.19999957e-01	1.01746658e-01
9.29999957e-01	1.84171786e-01
9.39999957e-01	2.74383768e-01
9.49999956e-01	3.72743186e-01
9.59999956e-01	4.79619506e-01
9.69999956e-01	5.95391172e-01
9.79999956e-01	7.20445700e-01
9.89999956e-01	8.55179772e-01
9.99999955e-01	9.99999329e-01
